100
1 5
5 15
15 30
30 100
100 17
17 3
3 8
8 99
1 5
5 15
15 30
30 100
100 17
17 3
3 8
8 99
99 45
45 67
67 88
88 13
13 5
5 15
15 30
30 100
100 17
17 3
3 8
8 99
1 5
5 15
15 30
30 100
100 17
17 3
3 8
8 99
99 45
45 67
67 88
88 13
13 5
5 15
15 30
30 100
100 17
17 3
3 8
8 99
1 5
5 15
15 30
30 100
100 17
17 3
3 8
8 99
99 45
45 67
67 88
88 13
13 5
5 15
15 30
30 100
100 17
17 3
3 8
8 99
1 5
5 15
15 30
30 100
100 17
17 3
3 8
8 99
99 45
45 67
67 88
88 13
13 5
5 15
15 30
30 100
100 17
17 3
3 8
8 99
1 5
5 15
15 30
30 100
100 17
17 3
3 8
8 99
99 45
45 67
67 88
88 13
